0
1
2
3
4
5
6
7
11
12
16
17
18
19
22
23
26
27
28
29
30
34
35
39
47
48
51
54
55
59
63
68
73
79
80
86
10000001
10000002
10000003
10000004
10000005
10000007
10000008
10000009
10000011
10000012
10000014
10000017
10000018
10000019
10000022
10000023
10000024
10000026
10000027
10000028
10000029
10000030
10000031
10000034
10000035
10000039
10000041
10000043
10000045
10000046
10000047
10000048
10000050
10000051
10000052
10000053
10000054
10000055
10000057
10000059
10000063
10000064
10000065
10000068
10000069
10000070
10000071
10000073
10000074
10000075
10000077
10000078
10000079
10000080
10000081
10000082
10000084
10000085
10000086
10000087
10000088
10000089
10000090
10000092
10000097
20000000
20000001
20000002
20000003
20000004
20000005
20000007
20000009
20000011
20000012
20000014
20000017
20000018
20000019
20000022
20000023
20000024
20000026
20000027
20000028
20000029
20000030
20000031
20000034
20000035
20000039
20000041
20000043
20000046
20000047
20000048
20000050
20000051
20000053
20000054
20000055
20000057
20000059
20000063
20000064
20000065
20000068
20000069
20000070
20000071
20000073
20000074
20000075
20000077
20000078
20000079
20000080
20000081
20000082
20000084
20000085
20000086
20000087
20000089
20000090
20000092
30000001
30000002
30000003
30000004
30000005
30000007
30000008
30000009
30000011
30000012
30000014
30000017
30000018
30000019
30000022
30000023
30000024
30000026
30000027
30000028
30000029
30000030
30000031
30000034
30000035
30000039
30000041
30000043
30000045
30000046
30000047
30000048
30000051
30000052
30000053
30000054
30000055
30000057
30000059
30000063
30000064
30000065
30000068
30000069
30000070
30000071
30000073
30000074
30000075
30000077
30000078
30000080
30000081
30000082
30000084
30000085
30000086
30000087
30000089
30000090
30000092
30000097
